image: good_map_2.yaml.pgm
resolution: 0.050000
# origin: [-8.112687, -1.136909, 0.000000]
origin: [0, -18.79, 0.000000]
negate: 0
occupied_thresh: 0.65
free_thresh: 0.196