image: ige.pgm
resolution: 0.050000
origin: [-8.911484, -9.925130, 0.000000]
negate: 0
occupied_thresh: 0.65
free_thresh: 0.196

