image: ige_with_drawer.pgm
resolution: 0.050000
origin: [1.351600, -4.833335, 0.000000]
negate: 0
occupied_thresh: 0.65
free_thresh: 0.196

